


Canonical Variate Analysis: CVA

Dataset: Bee Wings
Classification criterion: Genus

Groups 	 Observations
1.	Agapostemon	60
2.	Andrena	8
3.	Anthophora	6
4.	Apis	96
5.	Bombus	56
6.	Calliopsis	8
7.	Ceratina	13
8.	Diadasia	5
9.	Eucera	12
10.	Habropoda	15
11.	Halictus	18
12.	Hesperapis	14
13.	Lasioglossum	10
14.	Megachile	11
15.	Osmia	21
16.	Panurginus	10
17.	Xylocopa	44

Variation among groups, scaled by the inverse of the within-group variation

	Eigenvalues	% Variance	 Cumulative %
  1.	131.66488514	  45.000	   45.000
  2.	91.88668865	  31.405	   76.405
  3.	32.84076401	  11.224	   87.629
  4.	10.43107834	   3.565	   91.194
  5.	 7.12874377	   2.436	   93.630
  6.	 6.91586769	   2.364	   95.994
  7.	 4.94917516	   1.692	   97.685
  8.	 2.69455774	   0.921	   98.606
  9.	 1.34976582	   0.461	   99.068
 10.	 1.29389898	   0.442	   99.510
 11.	 0.78133149	   0.267	   99.777
 12.	 0.48030564	   0.164	   99.941
 13.	 0.11127985	   0.038	   99.979
 14.	 0.06099834	   0.021	  100.000

Global test against the null hypothesis of no differences among group means
Permutation tests (10000 permutation iterations)
Goodall's F:   492.7414,   P-value: <.0001
Pillai's trace:     9.2358,   P-value: <.0001

Mahalanobis distances among groups:

              	Agapostemon 	Andrena     	Anthophora  	Apis        	Bombus      	Calliopsis  	Ceratina    	Diadasia    	Eucera      	Habropoda   	Halictus    	Hesperapis  	Lasioglossum	Megachile   	Osmia       	Panurginus  
Andrena     	  18.2079
Anthophora  	  33.2264	  31.5737
Apis        	  29.5888	  23.5167	  25.7136
Bombus      	  28.4569	  28.5302	  13.6441	  28.0319
Calliopsis  	  14.1742	  12.5477	  31.2871	  23.1988	  29.4646
Ceratina    	   9.5639	  20.3054	  34.2084	  28.7475	  29.7260	  13.1770
Diadasia    	  20.8907	  21.9537	  20.8709	  28.2967	  16.9401	  21.4302	  22.2845
Eucera      	  22.6982	  19.3181	  22.6654	  25.8260	  21.5952	  16.9258	  21.6845	  13.9561
Habropoda   	  29.6663	  29.4906	  12.3115	  30.8590	  13.3902	  29.5717	  31.8260	  18.2749	  21.7737
Halictus    	   5.8840	  17.6411	  32.5106	  30.8931	  27.5691	  14.8368	  12.0715	  21.0461	  21.7586	  27.4728
Hesperapis  	  19.1571	  19.0042	  35.4961	  27.1429	  34.1120	  12.8238	  17.5059	  25.0719	  21.1692	  34.4392	  19.3597
Lasioglossum	  13.1007	  25.8808	  38.4991	  34.4777	  33.5510	  20.4766	   9.4871	  26.5851	  26.0210	  36.3063	  15.1060	  22.4807
Megachile   	  20.2017	  17.2826	  23.1513	  22.6413	  23.7112	  15.1127	  20.5324	  15.7867	  14.2823	  21.4851	  20.4929	  22.9550	  26.6658
Osmia       	  23.9259	  22.4273	  21.6529	  24.5774	  22.3408	  17.8610	  22.8470	  14.0826	  12.5922	  20.6539	  23.8482	  21.6596	  28.7138	  12.1714
Panurginus  	  15.0021	   9.9366	  35.0018	  24.8540	  32.1255	  10.6575	  15.3587	  23.9615	  22.1046	  33.2543	  15.8327	  13.7091	  20.7491	  18.9206	  22.5347
Xylocopa    	  26.8662	  26.7208	  21.2448	  17.0715	  19.4320	  26.5970	  28.5522	  23.9119	  25.7417	  26.5901	  28.4163	  30.7967	  32.1666	  24.2743	  24.7811	  28.1630

Procrustes distances among groups:

              	Agapostemon 	Andrena     	Anthophora  	Apis        	Bombus      	Calliopsis  	Ceratina    	Diadasia    	Eucera      	Habropoda   	Halictus    	Hesperapis  	Lasioglossum	Megachile   	Osmia       	Panurginus  
Andrena     	   0.1396
Anthophora  	   0.2735	   0.3038
Apis        	   0.1814	   0.1640	   0.2193
Bombus      	   0.2278	   0.2658	   0.0895	   0.2017
Calliopsis  	   0.0903	   0.1163	   0.2908	   0.1609	   0.2575
Ceratina    	   0.0570	   0.1370	   0.2804	   0.1733	   0.2415	   0.0683
Diadasia    	   0.1673	   0.2193	   0.1316	   0.1747	   0.1011	   0.1921	   0.1751
Eucera      	   0.1620	   0.1883	   0.1817	   0.1481	   0.1700	   0.1420	   0.1528	   0.1021
Habropoda   	   0.2373	   0.2611	   0.0892	   0.2152	   0.0724	   0.2593	   0.2488	   0.1178	   0.1758
Halictus    	   0.0388	   0.1289	   0.2734	   0.1915	   0.2287	   0.0940	   0.0683	   0.1716	   0.1660	   0.2287
Hesperapis  	   0.1465	   0.1888	   0.2986	   0.2184	   0.2867	   0.1290	   0.1225	   0.2103	   0.1794	   0.2792	   0.1384
Lasioglossum	   0.0728	   0.1712	   0.2871	   0.1989	   0.2547	   0.1050	   0.0535	   0.1836	   0.1655	   0.2643	   0.0862	   0.1133
Megachile   	   0.1536	   0.1297	   0.2093	   0.1002	   0.1822	   0.1335	   0.1488	   0.1488	   0.1164	   0.1810	   0.1556	   0.2121	   0.1821
Osmia       	   0.1671	   0.2056	   0.1610	   0.1494	   0.1520	   0.1532	   0.1582	   0.0986	   0.0808	   0.1462	   0.1667	   0.1751	   0.1759	   0.1246
Panurginus  	   0.1284	   0.0723	   0.3176	   0.1831	   0.2862	   0.1097	   0.1148	   0.2310	   0.2033	   0.2787	   0.1145	   0.1409	   0.1396	   0.1611	   0.2076
Xylocopa    	   0.1937	   0.2542	   0.1728	   0.1488	   0.1425	   0.2180	   0.2101	   0.1427	   0.1632	   0.1891	   0.2125	   0.2615	   0.2167	   0.1726	   0.1567	   0.2676

Canonical coefficients:

	  CV1   	  CV2   	  CV3   	  CV4   	  CV5   	  CV6   	  CV7   	  CV8   	  CV9   	  CV10   	  CV11   	  CV12   	  CV13   	  CV14   
   x1	  51.7916	  33.9501	  -3.5643	 -20.6428	 -21.7599	  35.8590	 -59.6784	  23.6030	   0.8734	 -12.1357	 -28.3410	   8.6245	 -48.7693	  34.4855
   y1	 -17.0645	 -35.9358	  -5.8701	  -0.7332	 -40.1184	  -6.9054	  -7.6156	  48.3395	  13.2131	  45.9057	  -6.7033	   0.7349	 -68.1622	  39.9806
   x2	 -69.2481	 -39.0871	 -20.3315	  64.7652	  22.6564	 -37.5812	  57.6978	 -49.8341	 -49.8441	  28.7584	  43.8337	  79.0342	  56.6170	  23.2320
   y2	 -32.7102	  65.8114	 -32.2573	 -21.8482	  20.6902	  14.4692	  44.0473	 -67.2790	 -25.2460	  -7.8145	  13.0938	  27.0356	  42.0185	   3.3502
   x3	  -7.2674	  54.6724	  20.3997	 -42.4770	  64.5205	  39.5930	 -58.3489	  56.2320	  71.8974	   6.8550	  59.0219	-177.4930	  62.0945	  88.7915
   y3	  -1.2173	 -49.1172	  81.4458	 -21.8040	  12.6166	  -8.6740	 -29.4573	  -9.0235	   9.5277	 -25.1816	 -37.3553	 -44.5539	  14.6096	  39.7422
   x4	 -55.7848	 -31.5595	  56.8606	   1.7560	 -80.0515	 -23.6346	 -29.1005	 -63.0222	  19.1936	  31.3138	-100.6469	  55.8519	 -58.7015	-208.4504
   y4	  22.5416	 -39.8317	  -1.1657	 -31.1424	 -23.5452	  44.4073	 -38.2003	  24.8493	 -17.0783	  25.0489	  35.5236	 -19.1596	  -2.1421	-122.8650
   x5	  98.1790	  90.1129	  -4.2225	 100.8652	  30.1423	  26.7522	 126.5798	  19.4144	-116.4291	  17.0925	 -77.8645	 -59.5149	 -26.0253	  91.8813
   y5	  61.0274	  15.0752	 -68.7699	  63.2948	  57.7254	  15.1361	 104.4279	 -23.5874	  30.0911	  47.4743	 -89.1231	   0.7665	  -6.5073	  56.3567
   x6	 -66.8560	 -74.9141	 -23.1092	-116.2647	   4.0638	  15.4106	 -56.4825	   9.5359	  48.8841	 -15.2122	  98.1042	 108.1843	   6.4354	  27.6111
   y6	 -71.0125	  -1.2027	   6.7334	 -41.2462	 -38.6185	   4.2367	 -17.6138	  34.2988	  -9.4868	 -67.7542	  68.2895	  32.8192	 -11.8714	  18.5343
   x7	  37.3915	 -35.8319	 -98.5150	  -8.5899	 -25.0391	-128.6217	 -44.9795	  -7.7583	 -26.1413	 -32.6391	 -11.1427	 -52.7146	 -29.3257	 -17.8529
   y7	  83.1189	  70.9938	  12.2069	 -39.8226	 -18.8775	-167.9229	  -4.7418	  62.7321	 -21.5251	   2.7067	  -6.0665	  26.2749	  25.3521	 -28.2266
   x8	  66.9959	  12.0344	  83.2347	  24.4674	-149.4250	  68.5646	  64.9784	 -33.6524	  40.0970	  68.1176	  -3.2902	  18.7321	  74.1887	   9.3911
   y8	  52.1179	 -20.8669	  60.8613	 110.7994	  -1.9616	  65.7434	 -30.2462	-111.3849	  83.5104	  -8.5390	  82.5707	 -64.3972	 -92.2358	  -7.1232
   x9	 -55.2016	  -9.3772	 -10.7526	  -3.8794	 154.8924	   3.6581	  -0.6662	  45.4817	  11.4690	 -92.1503	  20.3255	  19.2956	 -36.5138	 -49.0892
   y9	 -96.8014	  -4.9261	 -53.1845	 -17.4977	  32.0889	  39.5094	 -20.6003	  41.0549	 -63.0062	 -11.8463	 -60.2294	  40.4796	  98.9387	   0.2507
